{
 "cells": [
  {
   "cell_type": "code",
   "execution_count": 1,
   "metadata": {},
   "outputs": [],
   "source": [
    "import numpy as np\n",
    "import matplotlib as plt\n",
    "import scipy as scp\n",
    "from generate_matrix import generate_symetric_matrix"
   ]
  },
  {
   "cell_type": "markdown",
   "metadata": {},
   "source": [
    "# Methode des puissance itérée"
   ]
  },
  {
   "cell_type": "markdown",
   "metadata": {},
   "source": [
    "## methode de la puissance"
   ]
  },
  {
   "cell_type": "code",
   "execution_count": 2,
   "metadata": {},
   "outputs": [],
   "source": [
    "A_matrix = [generate_symetric_matrix(i**2) for i in range(2, 5)]"
   ]
  },
  {
   "cell_type": "code",
   "execution_count": 3,
   "metadata": {},
   "outputs": [
    {
     "data": {
      "text/plain": [
       "(array([10. ,  9.4,  8.8,  8.2,  7.6,  7. ,  6.4,  5.8,  5.2,  4.6,  4. ,\n",
       "         3.4,  2.8,  2.2,  1.6,  1. ]),\n",
       " array([[-0.0283998 ,  0.28417329,  0.17974181, -0.09075957, -0.2302834 ,\n",
       "         -0.42184629, -0.22486979,  0.18730834,  0.19416639,  0.0866306 ,\n",
       "          0.182331  ,  0.07142604, -0.06653332, -0.37856583,  0.3014877 ,\n",
       "          0.48895161],\n",
       "        [ 0.27375728,  0.42269505, -0.13263135,  0.49664879,  0.21999368,\n",
       "          0.17775019, -0.07692673,  0.20243983, -0.07814589, -0.33959431,\n",
       "          0.45037389, -0.09550569,  0.0665853 ,  0.0306652 ,  0.11900122,\n",
       "         -0.04815079],\n",
       "        [ 0.26678651,  0.14727695, -0.66225288, -0.34746841, -0.09328054,\n",
       "         -0.15112971, -0.07573828,  0.05512508, -0.23812323,  0.24151778,\n",
       "          0.17672762,  0.04029018, -0.01468998,  0.24314246, -0.24756679,\n",
       "          0.19746381],\n",
       "        [ 0.26879447,  0.3432847 ,  0.2814289 , -0.3123801 ,  0.39908959,\n",
       "         -0.24807148,  0.41327136, -0.26464262, -0.20989037, -0.17321319,\n",
       "         -0.09959669,  0.27695046,  0.06462428,  0.04029991,  0.06317547,\n",
       "          0.03180182],\n",
       "        [ 0.07653179, -0.1243214 ,  0.33810775,  0.18526926, -0.30540601,\n",
       "         -0.05530659,  0.0358408 , -0.03304578, -0.10583932,  0.10146074,\n",
       "          0.37270383,  0.44474019, -0.45044683,  0.39624571, -0.10597463,\n",
       "         -0.04467033],\n",
       "        [ 0.2736604 , -0.19272774, -0.29802924,  0.17322172,  0.14201631,\n",
       "         -0.05981649,  0.37939502,  0.36891114,  0.44680683,  0.1513778 ,\n",
       "         -0.20799364,  0.33009541, -0.12006197, -0.00552523,  0.27218227,\n",
       "         -0.04529513],\n",
       "        [ 0.28655257, -0.25188369,  0.23957378, -0.28384782, -0.09066659,\n",
       "         -0.09841557, -0.04072452,  0.63231875, -0.18113975, -0.26889214,\n",
       "          0.04705245, -0.01715313,  0.11842418, -0.20509277, -0.28446194,\n",
       "         -0.22903454],\n",
       "        [ 0.00323978,  0.06980672, -0.01068199, -0.19497569,  0.30749459,\n",
       "          0.41463789, -0.28155334,  0.05568817, -0.26714129,  0.32534349,\n",
       "          0.02133901,  0.23818654, -0.37984854, -0.39950543,  0.1840183 ,\n",
       "         -0.18969099],\n",
       "        [ 0.65090435, -0.12277073,  0.17435568, -0.00748754,  0.03036275,\n",
       "          0.10500884, -0.10435757, -0.36835628,  0.38592465,  0.18635628,\n",
       "          0.11588361, -0.26508614, -0.07064686, -0.19018751, -0.24805355,\n",
       "          0.04701379],\n",
       "        [-0.13274494,  0.19405231, -0.17191148,  0.10590082, -0.1707105 ,\n",
       "          0.20362004,  0.06823811, -0.11649572,  0.17045317, -0.29531581,\n",
       "         -0.10865036,  0.47126287, -0.00926491, -0.38352671, -0.54853489,\n",
       "          0.1299794 ],\n",
       "        [ 0.36443148,  0.19768559, -0.00498467,  0.26656791, -0.53390044,\n",
       "         -0.00487118, -0.05709275, -0.09721605, -0.34962808,  0.10391718,\n",
       "         -0.4651773 ,  0.0539012 ,  0.13487147, -0.09885638,  0.20880955,\n",
       "         -0.18800184],\n",
       "        [ 0.09999732, -0.06149833, -0.13002595, -0.43026921, -0.23948478,\n",
       "          0.21013606, -0.25624215, -0.19342477,  0.28118422, -0.46661147,\n",
       "          0.10189902,  0.20315164,  0.06666282,  0.16095549,  0.40975483,\n",
       "         -0.18139017],\n",
       "        [ 0.06057558, -0.30394681, -0.10815274, -0.04125451, -0.19305765,\n",
       "          0.25759026,  0.47410682, -0.07807128, -0.30980872, -0.24649514,\n",
       "          0.12479811, -0.23461718, -0.26317404, -0.22976349,  0.20623877,\n",
       "          0.4050978 ],\n",
       "        [ 0.00365421, -0.30509066, -0.27332456,  0.20324241,  0.16865772,\n",
       "         -0.58459866, -0.21309345, -0.27647595, -0.14140987, -0.28251728,\n",
       "          0.00935224,  0.01371458, -0.28232624, -0.24672197,  0.01714779,\n",
       "         -0.24058585],\n",
       "        [-0.17293196,  0.29537908, -0.08756434, -0.15417149, -0.27581061,\n",
       "         -0.11418646,  0.4252796 , -0.04953799,  0.15540105,  0.15846264,\n",
       "          0.31890507, -0.2156314 , -0.10092745, -0.23407208, -0.00250076,\n",
       "         -0.56262154],\n",
       "        [-0.01610003, -0.33439203, -0.02677368,  0.09814352,  0.01135644,\n",
       "         -0.00285293,  0.07290434, -0.17214466, -0.14490498,  0.24763864,\n",
       "          0.41055829,  0.32465792,  0.65134868, -0.22113432,  0.11319015,\n",
       "         -0.01539868]]))"
      ]
     },
     "execution_count": 3,
     "metadata": {},
     "output_type": "execute_result"
    }
   ],
   "source": [
    "def methode_puissance(A : np.ndarray, y0 : np.ndarray=None, epsilon=10e-12, max_iter=10**4):\n",
    "    n = A.shape[0]\n",
    "    if y0 is None:\n",
    "        y0 = np.random.randint(0, 9, (n))\n",
    "\n",
    "    xk = y0/np.linalg.norm(y0)\n",
    "    for k in range(max_iter):\n",
    "        yk = A@xk\n",
    "        xk = yk/np.linalg.norm(yk)\n",
    "    return xk\n",
    "\n",
    "\n",
    "\n",
    "def deflation(A : np.ndarray):\n",
    "    n = A.shape[0]\n",
    "    v = np.zeros((n, n))\n",
    "    lambdas = np.ones(n)\n",
    "    v0 = methode_puissance(A)\n",
    "    v[:, 0] = v0\n",
    "    lambdas[0] = (A@v0)@(v0)\n",
    "\n",
    "\n",
    "    for i in range(1, n):\n",
    "        A = A - (lambdas[i-1]/np.linalg.norm(v[:,i-1])**2)*np.outer(v[:,i-1], v[:,i-1])\n",
    "        v[:, i] = methode_puissance(A, v[:, i-1])\n",
    "        lambdas[i] = ((A@v[:, i])/v[:, i])[0]\n",
    "    return lambdas, v\n",
    "\n",
    "\n",
    "deflation(A_matrix[2])"
   ]
  },
  {
   "cell_type": "markdown",
   "metadata": {},
   "source": [
    "## Methode QR "
   ]
  },
  {
   "cell_type": "code",
   "execution_count": 10,
   "metadata": {},
   "outputs": [
    {
     "data": {
      "text/plain": [
       "(array([10.   ,  8.875,  7.75 ,  6.625,  5.5  ,  4.375,  3.25 ,  2.125,\n",
       "         1.   ]),\n",
       " array([[ 0.42976912,  0.20737346, -0.27222584, -0.14249854,  0.08611994,\n",
       "         -0.1091538 ,  0.69007907, -0.09893414,  0.41539587],\n",
       "        [ 0.281687  ,  0.36149807, -0.63799326, -0.1481111 , -0.30545778,\n",
       "         -0.17808089, -0.34748159,  0.04343456, -0.33667791],\n",
       "        [-0.04253203,  0.44627239,  0.11860589, -0.57080125,  0.42033709,\n",
       "          0.35758675, -0.26445076,  0.21164271,  0.19968017],\n",
       "        [ 0.03070861,  0.25415892,  0.27669855,  0.02417521, -0.79447611,\n",
       "          0.34817808, -0.01125698,  0.05498793,  0.31897184],\n",
       "        [-0.07261677,  0.16348673, -0.2756699 ,  0.6289084 ,  0.19881652,\n",
       "         -0.03329164, -0.30298255,  0.26080921,  0.54407997],\n",
       "        [ 0.03051763,  0.27866973, -0.09208711,  0.33802561,  0.17611714,\n",
       "          0.54909974,  0.03477639, -0.64577372, -0.21888271],\n",
       "        [-0.58808166, -0.25164295, -0.45479473, -0.32362054, -0.14095861,\n",
       "          0.03650155, -0.04282384, -0.36832828,  0.34722613],\n",
       "        [-0.61536759,  0.49594865, -0.04367994,  0.12722834, -0.02931637,\n",
       "         -0.11834774,  0.43663223,  0.26835723, -0.28237163],\n",
       "        [-0.04977064,  0.385857  ,  0.36743453, -0.02558061,  0.01137094,\n",
       "         -0.6239543 , -0.21793828, -0.49777777,  0.16806749]]))"
      ]
     },
     "execution_count": 10,
     "metadata": {},
     "output_type": "execute_result"
    }
   ],
   "source": [
    "def my_qr(A: np.ndarray):\n",
    "    n = A.shape[0]\n",
    "    Q = np.zeros((n, n))\n",
    "    R = np.zeros((n, n))\n",
    "    for k in range(n-1):\n",
    "        R[k, k] =  np.linalg.norm(A[:, k])\n",
    "        Q[:, k] = A[:, k]/R[k, k]\n",
    "\n",
    "        R[k, k+1:] = Q.T[:, k]@A[:, k+1:]\n",
    "        A[:, k+1:] = A[:, k+1:] - np.outer(Q[:, k],R[k, k+1:])\n",
    "\n",
    "    R[n-1 ,n-1] = np.linalg.norm(A[:, n-1])\n",
    "    Q[:, n-1] = A[:, n-1]/R[n -1, n - 1]\n",
    "    return Q, R\n",
    "\n",
    "def methode_qr(A : np.ndarray, qr_methode=my_qr, max_iter=10**4):\n",
    "    n = A.shape[0]\n",
    "    V = np.eye(n)\n",
    "    Ak = A.copy()\n",
    "    for k in range(max_iter):\n",
    "        Qk, Rk = qr_methode(Ak)\n",
    "        Ak = Rk@Qk\n",
    "        V = V@Qk\n",
    "    \n",
    "    lambdas = np.diag(Ak)\n",
    "    return lambdas, V\n",
    "\n",
    "methode_qr(A_matrix[1], qr_methode=scp.linalg.qr)\n",
    "    "
   ]
  },
  {
   "cell_type": "code",
   "execution_count": 9,
   "metadata": {},
   "outputs": [
    {
     "name": "stdout",
     "output_type": "stream",
     "text": [
      "[[[2.35147245e-01 1.41189133e+00 1.41189133e+00 3.04775071e-01]\n",
      "  [1.20876098e+00 5.06876272e-01 5.06876272e-01 2.09883763e-01]\n",
      "  [9.99911022e-05 4.02710470e-03 4.02710470e-03 3.97531445e-01]\n",
      "  [5.55991782e-01 7.72052953e-02 7.72052953e-02 1.08780972e+00]]\n",
      "\n",
      " [[9.61461040e-01 1.67511127e-01 4.95435963e-01 1.12709726e-03]\n",
      "  [1.32081755e+01 5.61276454e-01 4.81899216e-02 1.02818327e-01]\n",
      "  [2.10697038e+01 4.51066993e-01 4.40706628e-01 9.62554945e-02]\n",
      "  [1.55175871e+02 1.52508327e+01 1.56674867e-02 7.99799082e-01]]]\n",
      "[[9. 3. 3. 9.]\n",
      " [9. 3. 7. 5.]]\n"
     ]
    },
    {
     "data": {
      "text/plain": [
       "array([[  2.        ,   2.        ,   2.        ,   2.        ],\n",
       "       [190.41521102,  16.43068726,   1.        ,   1.        ]])"
      ]
     },
     "execution_count": 9,
     "metadata": {},
     "output_type": "execute_result"
    }
   ],
   "source": [
    "\n",
    "# for n in range(len(A_matrix)):\n",
    "A = A_matrix[0]\n",
    "lambda_p, v_p = deflation(A)\n",
    "lambda_qr, v_qr = methode_qr(A)\n",
    "lambda_th, v_th = np.linalg.eigh(A)\n",
    "\n",
    "erreurs_lambda = np.array([lambda_p, lambda_qr])\n",
    "erreurs_v = np.array([v_p, v_qr])\n",
    "\n",
    "erreurs_lambda = np.abs(np.subtract(erreurs_lambda , lambda_th))\n",
    "erreurs_v = (np.subtract(erreurs_v, v_th))\n",
    "\n",
    "erreurs_v = erreurs_v**2\n",
    "\n",
    "print(erreurs_v)\n",
    "print(erreurs_lambda)\n",
    "erreurs_v.sum(axis=1)\n",
    "\n",
    "\n",
    "\n",
    "\n",
    "\n",
    "    \n",
    "\n",
    "    \n",
    "    "
   ]
  }
 ],
 "metadata": {
  "kernelspec": {
   "display_name": "Python 3",
   "language": "python",
   "name": "python3"
  },
  "language_info": {
   "codemirror_mode": {
    "name": "ipython",
    "version": 3
   },
   "file_extension": ".py",
   "mimetype": "text/x-python",
   "name": "python",
   "nbconvert_exporter": "python",
   "pygments_lexer": "ipython3",
   "version": "3.10.12"
  }
 },
 "nbformat": 4,
 "nbformat_minor": 2
}
